{
 "cells": [
  {
   "cell_type": "code",
   "execution_count": 1,
   "metadata": {
    "collapsed": true
   },
   "outputs": [],
   "source": [
    "import numpy as np\n",
    "import scipy.linalg as sla\n",
    "import matplotlib.pyplot as plt\n",
    "%matplotlib inline"
   ]
  },
  {
   "cell_type": "markdown",
   "metadata": {},
   "source": [
    "### The Identity Matrix"
   ]
  },
  {
   "cell_type": "code",
   "execution_count": 2,
   "metadata": {
    "collapsed": true
   },
   "outputs": [],
   "source": [
    "I_2 = np.eye(2)"
   ]
  },
  {
   "cell_type": "code",
   "execution_count": 3,
   "metadata": {},
   "outputs": [
    {
     "data": {
      "text/plain": [
       "array([[ 1.,  0.],\n",
       "       [ 0.,  1.]])"
      ]
     },
     "execution_count": 3,
     "metadata": {},
     "output_type": "execute_result"
    }
   ],
   "source": [
    "I_2"
   ]
  },
  {
   "cell_type": "markdown",
   "metadata": {},
   "source": [
    "### Plot the column vectors of the 2-D Identity, $I$"
   ]
  },
  {
   "cell_type": "code",
   "execution_count": 4,
   "metadata": {},
   "outputs": [
    {
     "data": {
      "text/plain": [
       "(-2, 2)"
      ]
     },
     "execution_count": 4,
     "metadata": {},
     "output_type": "execute_result"
    },
    {
     "data": {
      "image/png": "iVBORw0KGgoAAAANSUhEUgAAARAAAAD8CAYAAAC/+/tYAAAABHNCSVQICAgIfAhkiAAAAAlwSFlz\nAAALEgAACxIB0t1+/AAADtlJREFUeJzt3X2sZHV9x/H3B9ylPKlYUCmwIrrhwZVWuDwoibFaEYgF\nsdJCW5/Npg2gJqYVtFVbm2rbqNVg1K0QoCWokYeuYS2iYrbK4wUXFHfRlbRlXbo87IbVKsrit3/c\ngd6uc3evvzn3zsz1/Uomc86Z35zvb8LdD2fmnJlvqgpJarHLsCcgaXwZIJKaGSCSmhkgkpoZIJKa\nGSCSmg0cIEkOSnJ9krVJ7krytj5jkuRjSdYnuTPJUYPWlTR8T+pgH9uAd1TV7Un2Bm5Lcl1VfWfa\nmJOBpb3bccAneveSxtjARyBVdV9V3d5b/iGwFjhgu2GnAZfWlJuApybZf9DakoariyOQJyQ5GHgB\ncPN2Dx0A3DttfUNv23199rEcWA6w5557Hn3YYYd1OUVJs3Dbbbc9WFX77WxcZwGSZC/gCuDtVbV1\n+4f7PKXvNfRVtQJYATAxMVGTk5NdTVHSLCX5z9mM6+QsTJJFTIXHZVV1ZZ8hG4CDpq0fCGzsorak\n4eniLEyAC4G1VfXhGYatBF7XOxtzPPBwVf3C2xdJ46WLtzAnAK8FvpVkTW/bu4AlAFX1SWAVcAqw\nHvgx8MYO6koasoEDpKq+Tv/POKaPKeDsQWtJGi1eiSqpmQEiqZkBIqmZASKpmQEiqZkBIqmZASKp\nmQEiqZkBIqmZASKpmQEiqZkBIqmZASKpmQEiqZkBIqmZASKpmQEiqZkBIqlZV7/KflGS+5N8e4bH\nX5Lk4SRrerf3dFFX0nB11RfmYuAC4NIdjPn3qnplR/UkjYBOjkCqajWwuYt9SRof8/kZyAuT3JHk\ni0meN491Jc2RTnvj7sDtwLOq6kdJTgGuBpb2Gzi9N+6SJUvmaXqSWszLEUhVba2qH/WWVwGLkuw7\nw9gVVTVRVRP77bfT3r6ShmheAiTJM3stMElybK/uQ/NRW9Lc6eQtTJLLgZcA+ybZALwXWARPtLZ8\nDfCnSbYBPwHO7HWrkzTGOgmQqjprJ49fwNRpXkkLiFeiSmpmgEhqZoBIamaASGpmgEhqZoBIamaA\nSGpmgEhqZoBIamaASGpmgEhqZoBIamaASGpmgKhzq1ev5m8+8PfDnobmgQGizv3t33+Iv3rvX7J1\n69ZhT0VzzABRp7Zu3crXrv8Kex54GFdfffWwp6M5ZoCoUytXrmTvg49k0bITufDSy4Y9Hc0xA0Sd\n+vQl/0Id8iJ2f+5x3HLjDWzebLughcwAUWc2b97MzTd8gz2eexy7LN6dvZ5zFFdcccWwp6U5NF+9\ncZPkY0nWJ7kzyVFd1NVoufLKK9nrOUexy257TG14zgm+jVngujoCuRg4aQePn8xUI6mlTDWN+kRH\ndTVCLrz0MjjkRU+s737IBHd883Y2bdo0xFlpLnX1q+yrkxy8gyGnAZf2WjnclOSpSfavqvu6qK/h\ne/TRR1kzeQu777uRTdd/ike2bmHfQ57HY49t44YbbuD0008f9hQ1B+arteUBwL3T1jf0tv1CgNja\ncjwtWrSINd+8nS1btnDuuecyOTnJFy77NADHHHPMkGenuTJfAZI+2/o2lqqqFcAKgImJCZtPjZFD\nDz0UgKVLlzI5Ocnxxx8/5Blprs3XWZgNwEHT1g8ENs5TbUlzZL4CZCXwut7ZmOOBh/38Qxp/89Ub\ndxVwCrAe+DHwxi7qShqu+eqNW8DZXdSSNDq8ElVSMwNEUjMDRFIzA0RSMwNEUjMDRFIzA0RSMwNE\nUjMDRFIzA0RSMwNEUjMDRFIzA0RSMwNEUjMDRFIzA0RSMwNEUjMDRFKzrlpbnpTk7l7ryvP6PP6G\nJA8kWdO7vaWLupKGa+DfRE2yK/Bx4OVMtW+4NcnKqvrOdkM/W1XnDFpP0ujo4gjkWGB9Vd1TVT8D\nPsNUK0tJC1wXATJT28rt/V6SO5N8PslBfR4HplpbJplMMvnAAw90MD1Jc6WLAJlN28ovAAdX1ZHA\nl4FLZtpZVa2oqomqmthvv/06mJ6kudJFgOy0bWVVPVRVP+2t/hNwdAd1JQ1ZFwFyK7A0ybOTLAbO\nZKqV5ROS7D9t9VRgbQd1JQ3ZwGdhqmpbknOAa4FdgYuq6q4kfw1MVtVK4K1JTgW2AZuBNwxaV9Lw\nddXachVT/W+nb3vPtOXzgfO7qCVpdHglqqRmBoikZgaIpGYGiKRmBoikZgaIpGYGiKRmBoikZgaI\npGYGiKRmBoikZgaIpGYGiKRmBoikZgaIpGYGiKRmBoikZgaI9EuqKh555JFhT2MkzFdry92SfLb3\n+M1JDu6irjQMH/nHj/KUfZ7Gyb/7Ki6//HK2bt067CkNzcABMq215cnAEcBZSY7YbtibgS1V9Vzg\nI8DfDVpXGpZNmzax2/Nfwa2PPYu3vv9jPGP/A3jpK07h4osvZsuWLcOe3rzq4keVn2htCZDk8daW\n03vjnga8r7f8eeCCJKmq7RtQaQHYZZep/y8dfvjhQ57J3Fi3bh1PPuZ09jryRDjyRHb/6f9w5/pb\n+LMPXcSfnH0uR08cywfe/15e/OIXD3uqc66LAOnX2vK4mcb02kA8DPw68OD2O0uyHFgOsGTJkg6m\np/l23nnncc2qL7Ju3bphT2XOPPbIj55YzuI9WPS0A/nZ5v9i8R5P5nvfvZsf/Pf9Q5zd/OkiQGbT\n2nI2Y6Y2Vq0AVgBMTEx4hDKGli1bxpbNDw17GnPmneedz6du2MAjG9by6Pdv5NH1N7L3nrvzxt9/\nDWd+9M85+uijSfr9yS88XQTITltbThuzIcmTgKcw1WBKGju77bYbW79xOfvcdytv/oMzOHPF+1i2\nbNmvTGhM10WAPNHaEvgBU60t/3C7MSuB1wM3Aq8BvurnHxpXf/Hud/HaP/4jli5dOuypDN18tba8\nEPjnJOuZOvI4c9C60rAsXrzY8OiZr9aWjwBndFFL0ujwSlRJzQwQSc0MEEnNDBBJzQwQSc0MEEnN\nDBBJzQwQSc0MEEnNDBBJzQwQSc0MEEnNDBBJzQwQSc0MEEnNDBBJzQwQSc0MEEnNBgqQJE9Lcl2S\n7/Xu95lh3GNJ1vRuKwepKWl0DHoEch7wlapaCnylt97PT6rqt3q3UwesKWlEDBogpwGX9JYvAV41\n4P4kjZFBA+QZVXUfQO/+6TOM+7Ukk0luSrLDkEmyvDd28oEHHhhwepLm0k7bOiT5MvDMPg+9+5eo\ns6SqNiY5BPhqkm9V1ff7DbS1pTQ+dhogVfU7Mz2WZFOS/avqviT7A307ClfVxt79PUm+BrwA6Bsg\nksbHoG9hHm9ZSe/+X7cfkGSfJLv1lvcFTgC+M2BdSSNg0AD5IPDyJN8DXt5bJ8lEkk/3xhwOTCa5\nA7ge+GBVGSDSAjBQa8uqegh4WZ/tk8Bbess3AM8fpI6k0eSVqJKaGSCSmhkgkpoZIJKaGSCSmhkg\nkpoZIJKaGSCSmhkgkpoZIJKaGSCSmhkgkpoZIJKaGSCSmhkgkpoZIJKaGSCSmhkgkpoN2tryjCR3\nJfl5kokdjDspyd1J1ieZqXudpDEz6BHIt4FXA6tnGpBkV+DjwMnAEcBZSY4YsK6kETDojyqvBUiy\no2HHAuur6p7e2M8w1RLTX2aXxtx8fAZyAHDvtPUNvW192dpSGh8Dtbasql9oJNVvF322zdiy0taW\n0vgYqLXlLG0ADpq2fiCwccB9ShoB8/EW5lZgaZJnJ1kMnMlUS0xJY27Q07inJ9kAvBC4Jsm1ve2/\nkWQVQFVtA84BrgXWAp+rqrsGm7akUTDoWZirgKv6bN8InDJtfRWwapBakkaPV6JKamaASGpmgEhq\nZoBIamaASGpmgEhqZoBIamaASGpmgEhqZoBIamaASGpmgEhqZoBIamaASGpmgEhqZoBIamaASGpm\ngEhqNl+tLf8jybeSrEkyOUhNSaNjoN9E5f9aW35qFmN/u6oeHLCepBEyH60tJS1Q8/UZSAFfSnJb\nkuXzVFPSHJuP1pYAJ1TVxiRPB65Lsq6qVs9QbzmwHGDJkiWz3L2kYZiP1paP94mhqu5PchVwLNA3\nQOyNK42POX8Lk2TPJHs/vgycyNSHr5LG3Jy3tgSeAXw9yR3ALcA1VfVvg9SVNBrmvLVlVd0D/OYg\ndSSNJq9EldTMAJHUzACR1MwAkdTMAJHUzACR1MwAkdTMAJHUzACR1MwAkdTMAJHUzACR1MwAkdTM\nAJHUzACR1MwAkdTMAJHUzACR1MwAkdRs0B9V/ock65LcmeSqJE+dYdxJSe5Osj7JeYPUlDQ6Bj0C\nuQ5YVlVHAt8Fzt9+QJJdgY8DJwNHAGclOWLAupJGwEABUlVfqqptvdWbgAP7DDsWWF9V91TVz4DP\nAKcNUlfSaBiorcN23gR8ts/2A4B7p61vAI6baSfTW1sCP02yUJtQ7Qs8OOxJzCFf33g7dDaDOumN\nm+TdwDbgsn676LNtxpaV01tbJpmsqomdzXEcLeTXBr6+cZdkcjbjBu6Nm+T1wCuBl1VVv2DYABw0\nbf1AYONsJidptA16FuYk4J3AqVX14xmG3QosTfLsJIuBM4GVg9SVNBoGPQtzAbA3cF2SNUk+Cf+/\nN27vQ9ZzgGuBtcDnququWe5/xYDzG2UL+bWBr2/czer1pf+7DknaOa9EldTMAJHUbKQDZLaXyo+r\nJGckuSvJz5MsmFOCC/mrC0kuSnL/Qrw+KclBSa5Psrb3d/m2nT1npAOEWVwqP+a+DbwaWD3siXTl\nV+CrCxcDJw17EnNkG/COqjocOB44e2f/7UY6QGZ5qfzYqqq1VXX3sOfRsQX91YWqWg1sHvY85kJV\n3VdVt/eWf8jUWdMDdvSckQ6Q7bwJ+OKwJ6Gd6vfVhR3+EWr0JDkYeAFw847GdfldmCYdXCo/0mbz\n+haYX+qrCxo9SfYCrgDeXlVbdzR26AHSwaXyI21nr28B8qsLYyzJIqbC47KqunJn40f6LcwsL5XX\naPGrC2MqSYALgbVV9eHZPGekA4QZLpVfKJKcnmQD8ELgmiTXDntOgxrwqwsjL8nlwI3AoUk2JHnz\nsOfUoROA1wIv7f17W5PklB09wUvZJTUb9SMQSSPMAJHUzACR1MwAkdTMAJHUzACR1MwAkdTsfwE+\nGUYe/wyHzwAAAABJRU5ErkJggg==\n",
      "text/plain": [
       "<matplotlib.figure.Figure at 0x7f75367764a8>"
      ]
     },
     "metadata": {},
     "output_type": "display_data"
    }
   ],
   "source": [
    "plt.figure(figsize=(4,4))\n",
    "plt.arrow(0, 0, 1, 0, lw=1, head_width=.1)\n",
    "plt.arrow(0, 0, 0, 1, lw=1, head_width=.1)\n",
    "plt.xlim(-2,2)\n",
    "plt.ylim(-2,2)"
   ]
  },
  {
   "cell_type": "markdown",
   "metadata": {},
   "source": [
    "### What are the column vectors of the 2-D Identity in terms of Analytic Geometry?"
   ]
  },
  {
   "cell_type": "markdown",
   "metadata": {},
   "source": [
    "Note also that the column vector of $I$ are orthogonal."
   ]
  },
  {
   "cell_type": "markdown",
   "metadata": {},
   "source": [
    "Recall that the dot product between two vectors can be defined in terms of the cosine of the angle between them.\n",
    "\n",
    "$$\\mathbf{u}^T\\mathbf{v} = u\\cdot v\\cdot \\cos \\theta$$"
   ]
  },
  {
   "cell_type": "markdown",
   "metadata": {},
   "source": [
    "If two vectors are orthogonal (perpendicular) then the angle between them will be 90° and and the cosine of the angle between them is zero. "
   ]
  },
  {
   "cell_type": "markdown",
   "metadata": {},
   "source": [
    "Therefore, two vectors are orthogonal if and only if  their dot product is zero."
   ]
  },
  {
   "cell_type": "code",
   "execution_count": 5,
   "metadata": {},
   "outputs": [
    {
     "data": {
      "text/plain": [
       "0.0"
      ]
     },
     "execution_count": 5,
     "metadata": {},
     "output_type": "execute_result"
    }
   ],
   "source": [
    "I_2[:,0].dot(I_2[:,1])"
   ]
  },
  {
   "cell_type": "markdown",
   "metadata": {},
   "source": [
    "## Matrix Decomposition"
   ]
  },
  {
   "cell_type": "markdown",
   "metadata": {},
   "source": [
    "A decomposition is the breaking of a matrix into a series of matrix multiplications. \n",
    "\n",
    "A very canonical decomposition is the QR factorization where $Q$ is an orthogonal matrix and $R$ is an upper triangular matrix. Thus we might have a matrix $X$ and we seek \n",
    "\n",
    "$$X=QR$$"
   ]
  },
  {
   "cell_type": "code",
   "execution_count": 6,
   "metadata": {},
   "outputs": [
    {
     "data": {
      "text/plain": [
       "array([[ 0.95491261,  0.44180596,  0.79224336],\n",
       "       [ 0.44180596,  0.34679025,  0.63069498],\n",
       "       [ 0.79224336,  0.63069498,  1.28683561]])"
      ]
     },
     "execution_count": 6,
     "metadata": {},
     "output_type": "execute_result"
    }
   ],
   "source": [
    "W = np.random.rand(9).reshape(3,3)\n",
    "X = W.T.dot(W)\n",
    "X"
   ]
  },
  {
   "cell_type": "markdown",
   "metadata": {},
   "source": [
    "**Advanced Note** We create a new random matrix $W$, then define $X$ to be $W^TW$. In doing so, $X$ is \n",
    "\n",
    "1. symmetric\n",
    "2. positive definite\n",
    "\n",
    "This second point guarantees that we will have real eigenvalues at the end of this notebook."
   ]
  },
  {
   "cell_type": "code",
   "execution_count": 7,
   "metadata": {},
   "outputs": [
    {
     "data": {
      "text/plain": [
       "array([[-0.7250224 ,  0.68859065,  0.01361773],\n",
       "       [-0.33544348, -0.33578427, -0.88018554],\n",
       "       [-0.60151491, -0.64272221,  0.47443436]])"
      ]
     },
     "metadata": {},
     "output_type": "display_data"
    },
    {
     "data": {
      "text/plain": [
       "array([[-1.31708015, -0.81602018, -1.56000751],\n",
       "       [ 0.        , -0.21758493, -0.49332391],\n",
       "       [ 0.        ,  0.        ,  0.06617899]])"
      ]
     },
     "metadata": {},
     "output_type": "display_data"
    }
   ],
   "source": [
    "Q, R = sla.qr(X)\n",
    "display(Q)\n",
    "display(R)"
   ]
  },
  {
   "cell_type": "markdown",
   "metadata": {},
   "source": [
    "### $Q$ is orthogonal"
   ]
  },
  {
   "cell_type": "code",
   "execution_count": 8,
   "metadata": {},
   "outputs": [
    {
     "data": {
      "text/plain": [
       "(-1.1102230246251565e-16, 0.0, 1.1102230246251565e-16)"
      ]
     },
     "execution_count": 8,
     "metadata": {},
     "output_type": "execute_result"
    }
   ],
   "source": [
    "Q[:,0].dot(Q[:,1]), Q[:,0].dot(Q[:,2]), Q[:,1].dot(Q[:,2])"
   ]
  },
  {
   "cell_type": "code",
   "execution_count": 9,
   "metadata": {
    "scrolled": true
   },
   "outputs": [
    {
     "data": {
      "text/plain": [
       "array([[ 0.95491261,  0.44180596,  0.79224336],\n",
       "       [ 0.44180596,  0.34679025,  0.63069498],\n",
       "       [ 0.79224336,  0.63069498,  1.28683561]])"
      ]
     },
     "execution_count": 9,
     "metadata": {},
     "output_type": "execute_result"
    }
   ],
   "source": [
    "Q.dot(R)"
   ]
  },
  {
   "cell_type": "code",
   "execution_count": 10,
   "metadata": {},
   "outputs": [
    {
     "data": {
      "text/plain": [
       "array([[ 0.95491261,  0.44180596,  0.79224336],\n",
       "       [ 0.44180596,  0.34679025,  0.63069498],\n",
       "       [ 0.79224336,  0.63069498,  1.28683561]])"
      ]
     },
     "execution_count": 10,
     "metadata": {},
     "output_type": "execute_result"
    }
   ],
   "source": [
    "X"
   ]
  },
  {
   "cell_type": "markdown",
   "metadata": {},
   "source": [
    "### $PLU$ Decomposition"
   ]
  },
  {
   "cell_type": "code",
   "execution_count": 11,
   "metadata": {},
   "outputs": [
    {
     "data": {
      "text/plain": [
       "array([[ 1.,  0.,  0.],\n",
       "       [ 0.,  0.,  1.],\n",
       "       [ 0.,  1.,  0.]])"
      ]
     },
     "metadata": {},
     "output_type": "display_data"
    },
    {
     "data": {
      "text/plain": [
       "array([[ 1.        ,  0.        ,  0.        ],\n",
       "       [ 0.82965012,  1.        ,  0.        ],\n",
       "       [ 0.46266638,  0.53901631,  1.        ]])"
      ]
     },
     "metadata": {},
     "output_type": "display_data"
    },
    {
     "data": {
      "text/plain": [
       "array([[ 0.95491261,  0.44180596,  0.79224336],\n",
       "       [ 0.        ,  0.26415061,  0.62955081],\n",
       "       [ 0.        ,  0.        , -0.07518755]])"
      ]
     },
     "metadata": {},
     "output_type": "display_data"
    }
   ],
   "source": [
    "P, L, U = sla.lu(X)\n",
    "display(P)\n",
    "display(L)\n",
    "display(U)"
   ]
  },
  {
   "cell_type": "code",
   "execution_count": 12,
   "metadata": {},
   "outputs": [
    {
     "data": {
      "text/plain": [
       "array([[ 0.95491261,  0.44180596,  0.79224336],\n",
       "       [ 0.44180596,  0.34679025,  0.63069498],\n",
       "       [ 0.79224336,  0.63069498,  1.28683561]])"
      ]
     },
     "execution_count": 12,
     "metadata": {},
     "output_type": "execute_result"
    }
   ],
   "source": [
    "P.dot(L).dot(U)"
   ]
  },
  {
   "cell_type": "code",
   "execution_count": 13,
   "metadata": {},
   "outputs": [
    {
     "data": {
      "text/plain": [
       "array([[ 0.95491261,  0.44180596,  0.79224336],\n",
       "       [ 0.44180596,  0.34679025,  0.63069498],\n",
       "       [ 0.79224336,  0.63069498,  1.28683561]])"
      ]
     },
     "execution_count": 13,
     "metadata": {},
     "output_type": "execute_result"
    }
   ],
   "source": [
    "X"
   ]
  },
  {
   "cell_type": "markdown",
   "metadata": {},
   "source": [
    "### Eigendecomposition"
   ]
  },
  {
   "cell_type": "markdown",
   "metadata": {},
   "source": [
    "An eigendecomposition is a special kind of decomposition in which a matrix is decomposed into eigenvectors and eigenvalues which describe the essential nature of the matrix. \n",
    "\n",
    "\"eigen\" is German meaning \"own\", \"self\", or \"essential\". \n",
    "\n",
    "Under an eigendecomposition, a matrix is decomposed so that\n",
    "\n",
    "$$X = S\\Lambda S^T$$\n",
    "\n",
    "where $S$ is a matrix of eigenvectors and $\\Lambda$ is a diagonal matrix with corresponding eigenvalues on the diagonal."
   ]
  },
  {
   "cell_type": "code",
   "execution_count": 14,
   "metadata": {
    "collapsed": true
   },
   "outputs": [],
   "source": [
    "eig_vals, eig_vecs = np.linalg.eig(X)"
   ]
  },
  {
   "cell_type": "code",
   "execution_count": 15,
   "metadata": {},
   "outputs": [
    {
     "data": {
      "text/plain": [
       "array([[ 2.24188657,  0.        ,  0.        ],\n",
       "       [ 0.        ,  0.3202352 ,  0.        ],\n",
       "       [ 0.        ,  0.        ,  0.02641669]])"
      ]
     },
     "metadata": {},
     "output_type": "display_data"
    },
    {
     "data": {
      "text/plain": [
       "array([[ 0.57592808,  0.81181608,  0.0962367 ],\n",
       "       [ 0.37587115, -0.15841981, -0.91303014],\n",
       "       [ 0.72596675, -0.5620123 ,  0.39637666]])"
      ]
     },
     "metadata": {},
     "output_type": "display_data"
    }
   ],
   "source": [
    "Lambda = np.diag(eig_vals)\n",
    "S = eig_vecs\n",
    "display(Lambda)\n",
    "display(S)"
   ]
  },
  {
   "cell_type": "code",
   "execution_count": 16,
   "metadata": {},
   "outputs": [
    {
     "data": {
      "text/plain": [
       "array([[ 0.95491261,  0.44180596,  0.79224336],\n",
       "       [ 0.44180596,  0.34679025,  0.63069498],\n",
       "       [ 0.79224336,  0.63069498,  1.28683561]])"
      ]
     },
     "execution_count": 16,
     "metadata": {},
     "output_type": "execute_result"
    }
   ],
   "source": [
    "S.dot(Lambda).dot(S.T)"
   ]
  },
  {
   "cell_type": "markdown",
   "metadata": {},
   "source": [
    "### The Eigen Equation"
   ]
  },
  {
   "cell_type": "markdown",
   "metadata": {},
   "source": [
    "$$X\\mathbf{v} = \\lambda \\mathbf{v}$$"
   ]
  },
  {
   "cell_type": "code",
   "execution_count": 17,
   "metadata": {},
   "outputs": [
    {
     "data": {
      "text/plain": [
       "array([ 1.29116544,  0.84266049,  1.62753511])"
      ]
     },
     "execution_count": 17,
     "metadata": {},
     "output_type": "execute_result"
    }
   ],
   "source": [
    "X.dot(eig_vecs[:, 0])"
   ]
  },
  {
   "cell_type": "code",
   "execution_count": 18,
   "metadata": {},
   "outputs": [
    {
     "data": {
      "text/plain": [
       "array([ 1.29116544,  0.84266049,  1.62753511])"
      ]
     },
     "execution_count": 18,
     "metadata": {},
     "output_type": "execute_result"
    }
   ],
   "source": [
    "eig_vals[0]*eig_vecs[:, 0]"
   ]
  },
  {
   "cell_type": "code",
   "execution_count": null,
   "metadata": {
    "collapsed": true
   },
   "outputs": [],
   "source": []
  }
 ],
 "metadata": {
  "kernelspec": {
   "display_name": "Python 3",
   "language": "python",
   "name": "python3"
  },
  "language_info": {
   "codemirror_mode": {
    "name": "ipython",
    "version": 3
   },
   "file_extension": ".py",
   "mimetype": "text/x-python",
   "name": "python",
   "nbconvert_exporter": "python",
   "pygments_lexer": "ipython3",
   "version": "3.6.2"
  }
 },
 "nbformat": 4,
 "nbformat_minor": 2
}
